Graph-6-50
Folder	Jaccard Distance	Ground Truth Loss	Predicted Map Loss
2	0.333333333	-432.0657084	-402.8376179
3	0	-311.5490951	-349.7276003
4	0.333333333	-492.8659016	-843.4826019
5	0	-257.9709338	-293.3768502
6	0	-332.1885725	-378.9079874
7	0	-208.8474579	-247.6953937
8	0.333333333	-303.5082406	-341.8802853
9	0.333333333	-422.7369314	-465.0417106
10	0	-232.5260581	-271.6445705
11	0	-236.2418756	-273.9740936

Graph
Type	MapIdx	Cells	Jaccard	GT Loss	Pred Loss
6	17	50	0.333333	-1124.059221	-1024.483283
6	18	50	0.333333	-331.41291	-347.695658
6	19	50	0	-196.01028	-231.416197
6	20	50	0	-208.912799	-244.812435
6	21	50	0	-257.965709	-295.42735
6	22	50	0.571429	-314.385087	-384.171113
6	23	50	0.333333	-210.440289	-249.782633
6	24	50	0.333333	-502.41564	-629.913754
6	25	50	0	-307.108149	-343.852927
6	26	50	0.333333	-281.18683	-327.492971

Graph
Type	MapIdx	Cells	Jaccard	GT Loss	Pred Loss
6	2	100	0	-406.643712	-395.912961
6	3	100	0	-202.157236	-241.722036
6	4	100	0	-533.561054	-570.353265
6	5	100	0	-241.870129	-278.66234
6	6	100	0.333333	-351.486345	-448.058721
6	7	100	0	-317.829378	-360.836197
6	8	100	0.333333	-381.198789	-410.711902
6	9	100	0.333333	-423.50518	-493.994861
6	10	100	0	-273.936045	-310.281968
6	11	100	0	-361.438483	-397.784406

Graph
Type	MapIdx	Cells	Jaccard	GT Loss	Pred Loss
6	17	100	0.333333	-1584.807431	-1451.434537
6	18	100	0.333333	-353.877021	-415.454266
6	19	100	0	-298.17078	-334.962991
6	20	100	0	-302.494836	-341.167061
6	21	100	0	-433.148859	-476.155678
6	22	100	0.333333	-307.446277	-351.653312
6	23	100	0.333333	-324.467468	-404.255538
6	24	100	0.333333	-490.462954	-629.997686
6	25	100	0	-291.523347	-339.358479
6	26	100	0.333333	-454.033347	-749.363849

Bin tree
Type	MapIdx	Cells	Jaccard	GT Loss	Pred Loss
8	2	50	0.25	-514.805501	-611.747546
8	3	50	0	-297.949536	-364.109659
8	4	50	0.444444	-335.785437	-615.692704
8	5	50	0	-328.697261	-396.243678
8	6	50	0	-365.0825	-441.886691
8	7	50	0.25	-470.573718	-633.117729
8	8	50	0.25	-410.211971	-538.126865
8	9	50	0.25	-582.370672	-541.132468
8	10	50	0	-117.998026	-179.552979
8	11	50	0.25	-329.71551	-455.577164

Bin tree
Type	MapIdx	Cells	Jaccard
8	17	50	0.25
8	18	50	0
8	19	50	0
8	20	50	0
8	21	50	0
8	22	50	0.25
8	23	50	0.25



