type,cells,id,jaccard_sets,edge_jaccard,im_distance,im_similarity,best_k
type_6,cells_50,0002,0.333333,0.500000,1.434333,0.681430,5
type_6,cells_50,0003,0.000000,0.000000,0.000000,1.000000,5
type_6,cells_50,0004,0.000000,0.000000,0.000000,1.000000,5
type_6,cells_50,0005,0.000000,0.000000,0.000000,1.000000,5
type_6,cells_50,0006,0.333333,0.714286,1.206613,0.732007,5
type_6,cells_50,0007,0.000000,0.200000,1.497573,0.653374,5
type_6,cells_50,0008,0.333333,0.888889,1.222660,0.728443,5
type_6,cells_50,0009,0.333333,0.875000,1.429559,0.682490,5
type_6,cells_50,0010,0.000000,0.000000,0.000000,1.000000,5
type_6,cells_50,0011,0.000000,0.000000,0.000000,1.000000,5
type_6,cells_50,0017,0.333333,0.857143,0.000000,1.000000,5
type_6,cells_50,0018,0.571429,0.875000,1.069695,0.769089,5
type_6,cells_50,0019,0.000000,0.000000,0.000000,1.000000,5
type_6,cells_50,0020,0.000000,0.000000,0.000000,1.000000,5
type_6,cells_50,0021,0.000000,0.200000,1.715471,0.602939,5
type_6,cells_50,0022,0.333333,0.750000,1.161220,0.742089,5
type_6,cells_50,0023,0.333333,0.888889,1.222660,0.728443,5
type_6,cells_50,0024,0.000000,0.200000,1.721200,0.601613,5
type_6,cells_50,0025,0.000000,0.000000,0.000000,1.000000,5
type_6,cells_50,0026,0.000000,0.000000,0.000000,1.000000,5
